TimeStamp;Values;AC Percentage;AC Value
289.746;0.680000;;
289.756;0.680000;;
289.766;0.580000;;
289.776;0.620000;;
289.786;0.520000;;
289.796;0.600000;;
289.806;0.600000;;
289.816;0.580000;;
289.826;0.680000;;
289.836;0.660000;;
289.846;0.680000;;
289.856;0.600000;;
289.866;0.640000;;
289.876;0.640000;;
289.886;0.640000;;
289.896;0.620000;;
289.906;0.640000;;
289.916;0.640000;;
289.926;0.620000;;
289.936;0.640000;;
289.946;0.560000;;
289.956;0.620000;;
289.966;0.640000;;
289.976;0.640000;;
289.986;0.620000;;
289.996;0.700000;;
290.006;0.540000;;
290.016;0.640000;;
290.026;0.640000;;
290.036;0.620000;;
290.046;0.640000;;
290.056;0.600000;;
290.066;0.560000;;
290.076;0.620000;;
290.086;0.680000;;
290.096;0.600000;;
290.106;0.640000;;
290.116;0.560000;;
290.126;0.640000;;
290.136;0.640000;;
290.146;0.640000;;
290.156;0.720000;;
290.166;0.700000;;
290.176;0.680000;;
290.186;0.640000;;
290.196;0.700000;;
290.206;0.600000;;
290.216;0.680000;;
290.226;0.620000;;
290.236;0.660000;;
290.246;0.660000;;
290.256;0.640000;;
290.266;0.720000;;
290.276;0.720000;;
290.286;0.760000;;
290.296;0.600000;;
290.306;0.620000;;
290.316;0.620000;;
290.326;0.680000;;
290.336;0.580000;;
290.346;0.620000;;
290.356;0.620000;;
290.366;0.580000;;
290.376;0.580000;;
290.386;0.640000;;
290.396;0.720000;;
290.406;0.620000;;
290.416;0.580000;;
290.426;0.560000;;
290.436;0.600000;;
290.446;0.580000;;
290.456;0.560000;;
290.466;0.560000;;
290.476;0.540000;;
290.486;0.560000;;
290.496;0.640000;;
290.506;0.700000;;
290.516;0.580000;;
290.526;0.620000;;
290.536;0.560000;;
290.546;0.560000;;
290.566;0.600000;;
290.566;0.620000;;
290.576;0.620000;;
290.586;0.580000;;
290.596;0.600000;;
290.606;0.600000;;
290.616;0.700000;;
290.626;0.620000;;
290.636;0.640000;;
290.646;0.660000;;
290.656;0.600000;;
290.666;0.620000;;
290.676;0.660000;;
290.686;0.660000;;
290.696;0.620000;;
290.706;0.600000;;
290.716;0.580000;;
290.726;0.660000;;
290.736;0.600000;;
290.746;0.660000;;
290.756;0.680000;;
290.766;0.640000;;
290.776;0.600000;;
290.786;0.620000;;
290.796;0.620000;;
290.806;0.660000;;
290.816;0.640000;;
290.826;0.620000;;
290.836;0.580000;;
290.846;0.680000;;
290.856;0.640000;;
290.866;0.620000;;
290.876;0.640000;;
290.886;0.620000;;
290.896;0.580000;;
290.906;0.580000;;
290.916;0.660000;;
290.926;0.620000;;
290.936;0.680000;;
290.946;0.600000;;
290.956;0.640000;;
290.966;0.580000;;
290.976;0.660000;;
290.986;0.640000;;
290.996;0.620000;;
291.006;0.660000;;
291.016;0.660000;;
291.026;0.620000;;
291.036;0.660000;;
291.046;0.680000;;
291.056;0.600000;;
291.066;0.700000;;
291.076;0.700000;;
291.086;0.720000;;
291.096;0.600000;;
291.106;0.660000;;
291.116;0.660000;;
291.126;0.660000;;
291.136;0.680000;;
291.146;0.680000;;
291.156;0.740000;;
291.166;0.700000;;
291.176;0.600000;;
291.186;0.620000;;
291.196;0.660000;;
291.206;0.680000;;
291.216;0.680000;;
291.226;0.680000;;
291.236;0.680000;;
291.246;0.660000;;
291.256;0.660000;;
291.266;0.680000;;
291.276;0.680000;;
291.286;0.580000;;
291.296;0.600000;;
291.306;0.540000;;
291.316;0.580000;;
291.326;0.620000;;
291.336;0.560000;;
291.346;0.560000;;
291.356;0.660000;;
291.366;0.540000;;
291.376;0.660000;;
291.386;0.660000;;
291.396;0.640000;;
291.406;0.640000;;
291.416;0.600000;;
291.426;0.600000;;
291.436;0.620000;;
291.446;0.600000;;
291.456;0.600000;;
291.466;0.640000;;
291.476;0.620000;;
291.486;0.660000;;
291.496;0.600000;;
291.506;0.640000;;
291.516;0.620000;;
291.526;0.600000;;
291.536;0.600000;;
291.546;0.620000;;
291.556;0.600000;;
291.566;0.600000;;
291.576;0.600000;;
291.586;0.620000;;
291.596;0.660000;;
291.606;0.640000;;
291.616;0.680000;;
291.626;0.660000;;
291.636;0.680000;;
291.646;0.660000;;
291.656;0.660000;;
291.666;0.560000;;
291.676;0.560000;;
291.686;0.660000;;
291.696;0.600000;;
291.706;0.620000;;
291.716;0.580000;;
291.726;0.660000;;
291.736;0.620000;;
291.756;0.700000;;
291.756;0.600000;;
291.766;0.640000;;
291.776;0.540000;;
291.786;0.540000;;
291.796;0.560000;;
291.806;0.540000;;
291.816;0.640000;;
291.826;0.620000;;
291.836;0.640000;;
291.846;0.560000;;
291.856;0.680000;;
291.866;0.540000;;
291.876;0.680000;;
291.886;0.560000;;
291.896;0.560000;;
291.906;0.680000;;
291.916;0.580000;;
291.926;1.040000;;
291.936;1.060000;;
291.946;1.160000;;
291.956;0.980000;;
291.966;1.320000;;
291.976;1.440000;;
291.986;1.720000;;
291.996;1.700000;;
292.006;1.700000;;
292.016;1.780000;;
292.026;1.860000;;
292.036;1.820000;;
292.046;1.860000;;
292.056;1.880000;;
292.066;1.820000;;
292.076;2.180000;;
292.086;2.180000;;
292.096;2.560000;;
292.106;3.980000;;
292.116;3.980000;;
292.126;8.840000;;
292.136;12.280000;;
292.146;9.480000;;
292.156;9.639999;;
292.166;10.059999;;
292.176;13.960000;;
292.186;12.380000;;
292.196;14.380000;;
292.206;13.460000;;
292.216;14.400000;;
292.226;14.400000;;
292.236;17.100000;;
292.246;18.820000;;
292.256;22.320000;;
292.266;18.820000;;
292.276;16.639999;;
292.286;17.459999;;
292.296;20.779999;;
292.306;24.680000;;
292.316;23.459999;;
292.326;22.799999;;
292.336;22.799999;;
292.346;25.059999;;
292.356;20.619999;;
292.366;17.500000;;
292.376;24.320000;;
292.386;23.639999;;
292.396;19.260000;;
292.406;21.879999;;
292.416;18.859999;;
292.426;20.799999;;
292.436;19.080000;;
292.446;19.080000;;
292.456;18.459999;;
292.466;21.559999;;
292.476;22.660000;;
292.486;23.260000;;
292.496;25.820000;;
292.506;23.799999;;
292.516;18.760000;;
292.526;19.379999;;
292.536;17.000000;;
292.546;19.920000;;
292.556;19.920000;;
292.566;18.680000;;
292.576;20.859999;;
292.586;20.840000;;
292.596;20.439999;;
292.606;19.580000;;
292.616;19.580000;;
292.626;17.480000;;
292.636;17.779999;;
292.646;18.740000;;
292.656;19.680000;;
292.666;19.680000;;
292.676;19.900000;;
292.686;17.299999;;
292.696;18.459999;;
292.706;20.180000;;
292.716;19.820000;;
292.726;20.199999;;
292.736;20.420000;;
292.746;19.379999;;
292.756;20.119999;;
292.766;25.879999;;
292.776;25.879999;;
292.786;23.379999;;
292.796;20.980000;;
292.806;19.299999;;
292.816;18.480000;;
292.826;19.900000;;
292.836;22.920000;;
292.846;20.500000;;
292.856;20.660000;;
292.866;20.520000;;
292.876;20.820000;;
292.886;20.820000;;
292.896;20.340000;;
292.906;22.160000;;
292.916;22.459999;;
292.926;23.600000;;
292.936;21.260000;;
292.946;20.299999;;
292.956;21.100000;;
292.966;18.680000;;
292.976;19.100000;;
292.986;19.619999;;
292.996;19.619999;;
293.006;20.680000;;
293.016;21.260000;;
293.026;21.760000;;
293.036;22.320000;;
293.046;18.639999;;
293.056;18.939999;;
293.066;19.760000;;
293.076;19.559999;;
293.086;17.340000;;
293.096;21.359999;;
293.106;21.359999;;
293.116;20.199999;;
293.126;20.760000;;
293.136;21.580000;;
293.146;20.500000;;
293.156;20.320000;;
293.166;20.180000;;
293.176;23.100000;;
293.186;22.480000;;
293.196;24.279999;;
293.206;17.900000;;
293.216;17.900000;;
293.226;18.939999;;
293.236;20.320000;;
293.246;23.480000;;
293.256;23.019999;;
293.266;20.559999;;
293.276;20.279999;;
293.286;21.180000;;
293.296;20.260000;;
293.306;20.779999;;
293.316;20.680000;;
293.326;20.680000;;
293.336;20.699999;;
293.346;19.260000;;
293.356;19.879999;;
293.366;19.279999;;
293.376;18.240000;;
293.386;20.180000;;
293.396;21.559999;;
293.406;20.639999;;
293.416;20.900000;;
293.426;20.580000;;
293.436;20.580000;;
293.446;22.500000;;
293.456;22.660000;;
293.466;20.199999;;
293.476;20.779999;;
293.486;18.719999;;
293.496;19.539999;;
293.506;19.000000;;
293.516;20.100000;;
293.526;21.359999;;
293.536;21.160000;;
293.546;21.160000;;
293.556;20.500000;;
293.566;21.160000;;
293.576;19.020000;;
293.586;22.660000;;
293.596;22.799999;;
293.606;22.279999;;
293.616;21.340000;;
293.626;18.039999;;
293.636;23.639999;;
293.646;22.760000;;
293.656;22.760000;;
293.666;21.699999;;
293.676;19.680000;;
293.686;19.900000;;
293.696;20.459999;;
293.706;22.240000;;
293.716;23.379999;;
293.726;23.559999;;
293.736;22.299999;;
293.746;20.240000;;
293.756;19.080000;;
293.766;19.080000;;
293.776;19.719999;;
293.786;19.180000;;
293.796;20.080000;;
293.806;20.959999;;
293.816;20.580000;;
293.826;20.080000;;
293.836;22.119999;;
293.846;20.080000;;
293.856;22.799999;;
293.866;21.160000;;
293.876;21.160000;;
293.886;18.719999;;
293.896;18.879999;;
293.906;19.020000;;
293.916;21.480000;;
293.926;21.459999;;
293.936;21.580000;;
293.946;21.459999;;
293.956;21.459999;;
293.966;21.900000;;
293.976;23.840000;;
293.986;23.840000;;
293.996;24.439999;;
294.006;20.539999;;
294.016;19.879999;;
294.026;19.199999;;
294.036;18.840000;;
294.046;19.420000;;
294.056;19.379999;;
294.066;21.139999;;
294.076;20.160000;;
294.086;19.000000;;
294.096;19.000000;;
294.106;19.959999;;
294.116;19.980000;;
294.126;21.520000;;
294.136;20.299999;;
294.146;20.059999;;
294.156;21.980000;;
294.166;20.660000;;
294.176;21.119999;;
294.186;19.920000;;
294.196;20.240000;;
294.206;20.240000;;
294.216;20.939999;;
294.226;20.039999;;
294.236;22.619999;;
294.246;21.980000;;
294.256;22.400000;;
294.266;22.219999;;
294.276;20.260000;;
294.286;19.080000;;
294.296;18.320000;;
294.306;21.119999;;
294.316;21.119999;;
294.326;21.500000;;
294.336;22.180000;;
294.346;20.879999;;
294.356;21.119999;;
294.366;20.279999;;
294.376;18.260000;;
294.386;20.879999;;
294.396;19.900000;;
294.406;18.100000;;
294.416;19.459999;;
294.426;19.459999;;
294.436;22.580000;;
294.446;26.099998;;
294.456;22.000000;;
294.466;22.279999;;
294.476;21.820000;;
294.486;20.680000;;
294.496;19.379999;;
294.506;19.039999;;
294.516;20.139999;;
294.526;21.459999;;
294.536;21.459999;;
294.546;19.439999;;
294.556;22.340000;;
294.566;19.299999;;
294.576;18.139999;;
294.586;19.260000;;
294.596;21.080000;;
294.606;20.480000;;
294.616;23.039999;;
294.626;21.520000;;
294.636;19.039999;;
294.646;19.039999;;
294.656;21.020000;;
294.666;20.639999;;
294.676;20.240000;;
294.686;21.180000;;
294.696;20.779999;;
294.706;17.940001;;
294.716;19.879999;;
294.726;21.299999;;
294.736;21.219999;;
294.746;21.039999;;
294.756;21.039999;;
294.766;20.279999;;
294.776;22.600000;;
294.786;21.619999;;
294.796;21.260000;;
294.806;22.160000;;
294.816;21.920000;;
294.826;19.520000;;
294.836;18.459999;;
294.846;22.760000;;
294.856;23.559999;;
294.866;23.559999;;
294.876;21.480000;;
294.886;21.340000;;
294.896;20.879999;;
294.906;20.740000;;
294.916;20.500000;;
294.926;23.340000;;
294.936;20.680000;;
294.946;21.279999;;
294.956;21.760000;;
294.966;19.879999;;
294.976;19.879999;;
294.986;21.020000;;
294.996;19.760000;;
295.006;20.619999;;
295.016;20.340000;;
295.026;20.619999;;
295.036;22.519999;;
295.046;22.639999;;
295.056;22.279999;;
295.066;20.459999;;
295.076;19.719999;;
295.086;19.719999;;
295.096;19.580000;;
295.106;20.699999;;
295.116;19.400000;;
295.126;18.959999;;
295.136;18.719999;;
295.146;21.180000;;
295.156;20.740000;;
295.166;21.359999;;
295.176;19.959999;;
295.186;22.619999;;
295.196;22.619999;;
295.206;20.939999;;
295.216;21.820000;;
295.226;21.340000;;
295.236;19.900000;;
295.246;20.719999;;
295.256;20.139999;;
295.266;19.199999;;
295.276;19.480000;;
295.286;20.779999;;
295.296;21.240000;;
295.306;21.240000;;
295.316;22.600000;;
295.326;25.680000;;
295.336;23.680000;;
295.346;20.840000;;
295.356;19.459999;;
295.366;21.240000;;
295.376;21.100000;;
295.386;21.439999;;
295.396;22.240000;;
295.406;21.619999;;
295.416;21.619999;;
295.426;22.340000;;
295.436;22.039999;;
295.446;22.760000;;
295.456;20.500000;;
295.466;19.000000;;
295.476;22.139999;;
295.486;21.299999;;
295.496;20.559999;;
295.506;19.920000;;
295.516;20.100000;;
295.526;20.100000;;
295.536;21.459999;;
295.546;21.100000;;
295.556;21.119999;;
295.566;20.439999;;
295.576;19.219999;;
295.586;26.139999;;
295.596;24.619999;;
295.606;23.139999;;
295.616;22.799999;;
295.626;24.100000;;
295.636;24.100000;;
295.646;21.379999;;
295.656;21.799999;;
295.666;20.219999;;
295.676;22.879999;;
295.686;21.459999;;
295.696;20.959999;;
295.706;20.459999;;
295.716;21.639999;;
295.726;21.600000;;
295.736;23.320000;;
295.746;23.320000;;
295.756;20.859999;;
295.766;20.600000;;
295.776;21.420000;;
295.786;20.520000;;
295.796;19.619999;;
295.806;21.559999;;
295.816;23.660000;;
295.826;23.699999;;
295.836;25.100000;;
295.846;21.420000;;
295.856;21.420000;;
295.866;21.660000;;
295.876;24.080000;;
295.886;23.519999;;
295.896;20.699999;;
295.906;21.219999;;
295.916;18.199999;;
295.926;23.879999;;
295.936;22.740000;;
295.946;20.480000;;
295.956;21.180000;;
295.966;21.180000;;
295.976;20.299999;;
295.986;19.920000;;
295.996;21.059999;;
296.006;20.719999;;
296.016;24.299999;;
296.026;21.959999;;
296.036;21.059999;;
296.046;19.619999;;
296.056;19.520000;;
296.066;20.139999;;
296.076;20.139999;;
296.086;21.020000;;
296.096;20.660000;;
296.106;20.219999;;
296.116;20.279999;;
296.126;21.359999;;
296.136;19.420000;;
296.146;20.680000;;
296.156;19.600000;;
296.166;20.719999;;
296.176;22.619999;;
296.186;22.619999;;
296.196;20.080000;;
296.206;20.840000;;
296.216;18.939999;;
296.226;20.660000;;
296.236;20.779999;;
296.246;21.820000;;
296.256;20.299999;;
296.266;20.699999;;
296.276;23.680000;;
296.286;22.439999;;
296.296;22.439999;;
296.306;22.199999;;
296.316;19.139999;;
296.326;19.219999;;
296.336;19.320000;;
296.346;20.039999;;
296.356;20.760000;;
296.366;19.980000;;
296.376;20.320000;;
296.386;24.959999;;
296.396;24.900000;;
296.406;24.900000;;
296.416;24.439999;;
296.426;26.260000;;
296.436;23.379999;;
296.446;20.139999;;
296.456;22.600000;;
296.466;24.299999;;
296.476;21.000000;;
296.486;21.660000;;
296.496;20.340000;;
296.506;21.100000;;
296.516;21.100000;;
296.526;21.980000;;
296.536;20.039999;;
296.546;21.840000;;
296.556;20.580000;;
296.566;19.820000;;
296.586;21.459999;;
296.586;19.740000;;
296.596;17.740000;;
296.606;18.900000;;
296.616;21.559999;;
296.626;21.559999;;
296.636;21.760000;;
296.646;23.320000;;
296.656;21.000000;;
296.666;20.480000;;
296.676;20.020000;;
296.686;21.000000;;
296.696;20.959999;;
296.706;21.240000;;
296.716;20.760000;;
296.726;21.660000;;
296.736;21.660000;;
296.746;18.600000;;
296.756;19.379999;;
296.766;20.660000;;
296.776;22.059999;;
296.786;20.559999;;
296.796;20.160000;;
296.806;20.520000;;
296.816;23.699999;;
296.826;23.660000;;
296.836;22.600000;;
296.846;22.600000;;
296.856;22.639999;;
296.866;20.619999;;
296.876;19.719999;;
296.886;19.559999;;
296.896;20.520000;;
296.906;21.480000;;
296.916;21.240000;;
296.926;20.199999;;
296.936;19.879999;;
296.946;23.379999;;
296.956;23.379999;;
296.966;24.080000;;
296.976;22.180000;;
296.986;22.379999;;
296.996;20.580000;;
297.006;20.820000;;
297.016;20.400000;;
297.026;21.559999;;
297.036;20.799999;;
297.046;20.699999;;
297.056;20.600000;;
297.066;20.600000;;
297.076;22.359999;;
297.086;22.160000;;
297.096;22.119999;;
297.106;20.240000;;
297.116;20.840000;;
297.126;19.299999;;
297.136;19.160000;;
297.146;19.459999;;
297.156;18.980000;;
297.166;22.199999;;
297.176;22.199999;;
297.186;22.059999;;
297.196;20.680000;;
297.206;21.039999;;
297.216;20.879999;;
297.226;23.119999;;
297.236;23.260000;;
297.246;23.299999;;
297.256;20.459999;;
297.266;18.100000;;
297.276;18.779999;;
297.286;18.779999;;
297.296;20.539999;;
297.306;21.260000;;
297.316;22.480000;;
297.326;20.900000;;
297.336;19.820000;;
297.346;19.859999;;
297.356;18.900000;;
297.366;21.559999;;
297.376;21.900000;;
297.386;19.379999;;
297.396;19.379999;;
297.406;19.480000;;
297.416;19.320000;;
297.426;20.160000;;
297.436;19.520000;;
297.446;20.660000;;
297.456;21.199999;;
297.466;20.639999;;
297.476;22.760000;;
297.486;20.939999;;
297.496;20.340000;;
297.506;20.340000;;
297.516;22.840000;;
297.526;24.180000;;
297.536;21.139999;;
297.546;19.600000;;
297.556;19.619999;;
297.566;20.539999;;
297.576;21.379999;;
297.586;21.379999;;
297.596;21.719999;;
297.606;21.520000;;
297.616;21.520000;;
297.626;22.139999;;
297.636;24.600000;;
297.646;24.240000;;
297.656;19.639999;;
297.666;22.219999;;
297.676;21.480000;;
297.686;20.600000;;
297.696;20.240000;;
297.706;20.459999;;
297.716;20.820000;;
297.726;20.820000;;
297.736;21.279999;;
297.746;20.699999;;
297.756;21.059999;;
297.766;20.160000;;
297.776;20.299999;;
297.786;19.740000;;
297.796;20.820000;;
297.806;20.160000;;
297.816;18.840000;;
297.826;20.480000;;
297.836;20.480000;;
297.846;21.379999;;
297.856;21.740000;;
297.866;21.520000;;
297.876;20.520000;;
297.886;19.539999;;
297.896;21.240000;;
297.906;23.039999;;
297.916;20.660000;;
297.926;22.199999;;
297.936;21.480000;;
297.946;21.480000;;
297.956;20.119999;;
297.966;20.959999;;
297.976;20.619999;;
297.986;19.279999;;
297.996;20.320000;;
298.006;20.619999;;
298.016;21.859999;;
298.026;22.400000;;
298.036;24.180000;;
298.046;21.199999;;
298.056;21.199999;;
298.066;19.559999;;
298.076;21.240000;;
298.086;20.799999;;
298.096;18.699999;;
298.106;19.840000;;
298.116;20.879999;;
298.126;21.600000;;
298.136;22.320000;;
298.146;20.139999;;
298.156;20.939999;;
298.166;20.939999;;
298.176;23.500000;;
298.196;21.520000;;
298.196;20.600000;;
298.206;19.699999;;
298.216;19.699999;;
298.226;19.320000;;
298.236;19.600000;;
298.246;20.520000;;
298.256;20.660000;;
298.266;20.840000;;
298.276;20.840000;;
298.286;20.580000;;
298.296;19.439999;;
298.306;19.760000;;
298.316;22.619999;;
298.326;22.199999;;
298.336;21.840000;;
298.346;20.459999;;
298.356;20.539999;;
298.366;20.020000;;
298.376;20.900000;;
298.386;20.900000;;
298.396;19.840000;;
298.406;20.459999;;
298.416;20.539999;;
298.426;19.980000;;
298.436;20.580000;;
298.446;22.139999;;
298.456;22.539999;;
298.466;21.219999;;
298.476;22.480000;;
298.486;20.359999;;
298.496;20.359999;;
298.506;20.660000;;
298.516;18.840000;;
298.526;20.400000;;
298.536;20.459999;;
298.546;22.859999;;
298.556;21.219999;;
298.566;24.279999;;
298.576;24.260000;;
298.586;21.980000;;
298.596;21.580000;;
298.606;21.580000;;
298.616;21.500000;;
298.626;19.879999;;
298.636;18.180000;;
298.646;19.799999;;
298.656;20.439999;;
298.666;22.000000;;
298.676;20.719999;;
298.686;20.580000;;
298.696;20.619999;;
298.706;23.719999;;
298.716;23.719999;;
298.726;22.539999;;
298.736;23.160000;;
298.756;23.160000;;
298.756;22.980000;;
298.766;20.100000;;
298.776;21.139999;;
298.786;20.500000;;
298.796;21.000000;;
298.806;19.920000;;
298.816;19.639999;;
298.826;19.639999;;
298.836;21.279999;;
298.846;21.939999;;
298.856;19.539999;;
298.866;20.459999;;
298.876;20.840000;;
298.886;20.480000;;
298.896;19.119999;;
298.906;19.520000;;
298.916;20.119999;;
298.926;21.820000;;
298.936;21.820000;;
298.946;21.240000;;
298.956;21.480000;;
298.966;21.459999;;
298.976;24.559999;;
298.986;22.619999;;
298.996;22.600000;;
299.006;20.619999;;
299.016;19.559999;;
299.026;18.879999;;
299.036;23.019999;;
299.046;23.019999;;
299.056;22.199999;;
299.066;21.619999;;
299.086;21.500000;;
299.086;20.059999;;
299.096;20.500000;;
299.106;19.719999;;
299.116;20.900000;;
299.126;19.520000;;
299.136;19.299999;;
299.146;20.879999;;
299.156;20.879999;;
299.166;19.160000;;
299.176;18.379999;;
299.186;20.039999;;
299.196;20.080000;;
299.206;20.980000;;
299.216;19.900000;;
299.226;19.619999;;
299.236;24.500000;;
299.246;22.199999;;
299.256;23.680000;;
299.266;23.680000;;
299.276;21.680000;;
299.286;19.939999;;
299.296;20.340000;;
299.306;22.500000;;
299.316;20.480000;;
299.326;21.359999;;
299.336;20.799999;;
299.346;20.600000;;
299.356;21.900000;;
299.366;22.719999;;
299.376;22.719999;;
299.386;22.359999;;
299.396;22.119999;;
299.406;20.799999;;
299.416;23.080000;;
299.426;24.559999;;
299.436;20.219999;;
299.446;18.639999;;
299.456;20.320000;;
299.466;20.119999;;
299.476;20.559999;;
299.486;20.559999;;
299.496;21.820000;;
299.506;22.719999;;
299.516;22.039999;;
299.526;23.180000;;
299.536;20.939999;;
299.546;19.379999;;
299.556;21.279999;;
299.566;20.520000;;
299.576;22.219999;;
299.586;21.039999;;
299.596;21.039999;;
299.606;22.619999;;
299.616;20.699999;;
299.626;21.299999;;
299.636;21.359999;;
299.646;18.740000;;
299.656;20.020000;;
299.666;21.359999;;
299.676;22.539999;;
299.686;23.299999;;
299.696;20.600000;;
299.706;20.600000;;
299.716;19.820000;;
299.726;20.820000;;
299.736;20.400000;;
299.746;20.539999;;
299.756;20.559999;;
299.766;20.680000;;
299.776;21.039999;;
299.786;20.279999;;
299.796;19.639999;;
299.806;21.699999;;
299.816;21.699999;;
299.826;21.059999;;
299.836;19.939999;;
299.846;18.180000;;
299.856;19.340000;;
299.866;19.779999;;
299.876;20.520000;;
299.886;22.260000;;
299.896;20.859999;;
299.906;20.020000;;
299.916;21.820000;;
299.926;21.820000;;
299.936;22.900000;;
299.946;20.900000;;
299.956;22.059999;;
299.966;21.180000;;
299.976;18.779999;;
299.986;20.559999;;
299.996;21.160000;;
300.006;22.519999;;
300.016;22.480000;;
300.026;20.840000;;
300.036;20.840000;;
300.046;21.260000;;
300.056;21.719999;;
300.066;22.719999;;
300.076;18.660000;;
300.086;22.539999;;
300.096;20.760000;;
300.106;20.760000;;
300.116;23.100000;;
300.126;22.680000;;
300.136;22.559999;;
300.146;22.559999;;
300.156;23.519999;;
300.166;20.439999;;
300.176;20.080000;;
300.186;21.379999;;
300.196;21.879999;;
300.206;21.320000;;
300.216;23.939999;;
300.226;20.020000;;
300.236;20.340000;;
300.246;19.820000;;
300.256;19.820000;;
300.266;20.500000;;
300.276;20.980000;;
300.286;22.100000;;
300.296;21.699999;;
300.306;21.520000;;
300.316;22.539999;;
300.326;20.199999;;
300.336;23.379999;;
300.346;24.039999;;
300.356;19.799999;;
300.366;19.799999;;
300.376;18.879999;;
300.386;18.619999;;
300.396;19.059999;;
300.406;21.000000;;
300.416;21.379999;;
300.426;21.939999;;
300.436;20.680000;;
300.446;21.260000;;
300.456;20.420000;;
300.466;22.119999;;
300.476;22.119999;;
300.486;21.000000;;
300.496;21.459999;;
300.506;20.359999;;
300.516;20.719999;;
300.526;20.939999;;
300.536;21.039999;;
300.546;20.459999;;
300.556;22.059999;;
300.566;20.400000;;
300.576;22.480000;;
300.586;22.480000;;
300.596;21.260000;;
300.606;21.240000;;
300.616;24.299999;;
300.626;21.859999;;
300.636;19.199999;;
300.646;18.459999;;
300.656;19.439999;;
300.666;20.600000;;
300.676;20.719999;;
300.686;21.939999;;
300.696;21.939999;;
300.706;21.760000;;
300.716;21.180000;;
300.726;21.219999;;
300.736;23.059999;;
300.746;20.820000;;
300.756;23.139999;;
300.766;22.740000;;
300.776;19.379999;;
300.786;19.820000;;
300.796;22.559999;;
300.806;22.559999;;
300.816;20.779999;;
300.826;23.959999;;
300.836;21.779999;;
300.846;20.840000;;
300.856;21.760000;;
300.866;21.240000;;
300.876;20.520000;;
300.886;23.559999;;
300.896;22.740000;;
300.906;19.160000;;
300.916;19.160000;;
300.926;19.600000;;
300.936;22.760000;;
300.946;22.559999;;
300.956;22.160000;;
300.966;22.119999;;
300.976;21.779999;;
300.986;20.480000;;
300.996;20.139999;;
301.006;19.939999;;
301.016;23.959999;;
301.026;23.959999;;
301.036;23.299999;;
301.046;20.660000;;
301.056;19.719999;;
301.066;19.980000;;
301.076;21.100000;;
301.086;22.639999;;
301.096;21.660000;;
301.106;21.760000;;
301.116;20.859999;;
301.126;19.299999;;
301.136;19.299999;;
301.146;21.779999;;
301.156;21.500000;;
301.166;24.660000;;
301.176;24.100000;;
301.186;22.699999;;
301.196;20.459999;;
301.206;21.719999;;
301.216;20.199999;;
301.226;20.820000;;
301.236;19.660000;;
301.246;19.660000;;
301.256;20.240000;;
301.266;21.559999;;
301.276;20.420000;;
301.286;22.260000;;
301.296;19.820000;;
301.306;21.000000;;
301.316;20.480000;;
301.326;19.059999;;
301.336;18.680000;;
301.346;19.760000;;
301.356;19.760000;;
301.366;21.559999;;
301.376;21.539999;;
301.386;21.539999;;
301.396;20.559999;;
301.406;21.779999;;
301.416;21.080000;;
301.426;21.939999;;
301.436;21.520000;;
301.446;22.379999;;
301.456;19.459999;;
301.466;19.459999;;
301.476;19.000000;;
301.486;20.539999;;
301.496;19.900000;;
301.506;20.879999;;
301.516;20.459999;;
301.526;24.019999;;
301.536;23.039999;;
301.546;23.820000;;
301.556;25.180000;;
301.566;21.020000;;
301.576;21.020000;;
301.586;19.199999;;
301.596;19.000000;;
301.606;21.199999;;
301.616;21.000000;;
301.626;22.379999;;
301.636;21.539999;;
301.646;20.459999;;
301.656;23.820000;;
301.666;23.939999;;
301.676;22.939999;;
301.686;22.939999;;
301.696;21.559999;;
301.706;22.959999;;
301.716;21.480000;;
301.726;20.900000;;
301.736;19.459999;;
301.746;21.840000;;
301.756;20.480000;;
301.766;22.859999;;
301.776;23.000000;;
301.786;23.019999;;
301.796;23.019999;;
301.806;21.699999;;
301.816;22.439999;;
301.826;19.459999;;
301.836;21.219999;;
301.846;22.020000;;
301.856;23.059999;;
301.866;20.820000;;
301.876;21.859999;;
301.886;20.920000;;
301.896;19.939999;;
301.906;19.939999;;
301.916;20.559999;;
301.926;20.699999;;
301.936;20.320000;;
301.946;21.160000;;
301.956;20.779999;;
301.966;22.619999;;
301.976;21.299999;;
301.986;20.920000;;
301.996;19.160000;;
302.006;19.859999;;
302.016;19.859999;;
302.026;19.920000;;
302.036;18.920000;;
302.046;20.580000;;
302.056;20.639999;;
302.066;20.279999;;
302.076;19.900000;;
302.086;20.080000;;
302.096;20.480000;;
302.106;21.260000;;
302.116;22.660000;;
302.126;22.660000;;
302.136;20.799999;;
302.146;20.660000;;
302.156;20.539999;;
302.166;19.779999;;
302.176;20.279999;;
302.186;20.859999;;
302.196;20.580000;;
302.206;21.619999;;
302.216;23.600000;;
302.226;23.900000;;
302.236;23.900000;;
302.246;20.439999;;
302.256;19.719999;;
302.266;20.520000;;
302.276;19.379999;;
302.286;19.039999;;
302.296;21.279999;;
302.306;21.119999;;
302.316;21.520000;;
302.326;20.340000;;
302.336;23.080000;;
302.346;23.080000;;
302.356;24.039999;;
302.366;22.939999;;
302.376;22.400000;;
302.386;18.719999;;
302.396;19.680000;;
302.406;20.039999;;
302.416;19.000000;;
302.426;21.320000;;
302.436;21.500000;;
302.456;19.859999;;
302.456;19.859999;;
302.466;21.340000;;
302.476;21.279999;;
302.486;24.320000;;
302.496;23.559999;;
302.506;23.619999;;
302.516;19.160000;;
302.526;21.119999;;
302.536;20.699999;;
302.546;17.900000;;
302.556;19.900000;;
302.566;19.900000;;
302.576;18.699999;;
302.586;19.900000;;
302.596;20.260000;;
302.606;23.699999;;
302.616;23.559999;;
302.626;23.719999;;
302.636;21.619999;;
302.646;21.559999;;
302.656;20.740000;;
302.666;18.879999;;
302.676;18.879999;;
302.686;21.820000;;
302.696;18.359999;;
302.706;20.619999;;
302.716;22.859999;;
302.726;22.039999;;
302.736;22.180000;;
302.746;21.199999;;
302.756;25.219999;;
302.766;22.379999;;
302.776;24.139999;;
302.786;24.139999;;
302.796;21.799999;;
302.806;19.959999;;
302.816;19.639999;;
302.826;18.520000;;
302.836;23.660000;;
302.846;23.600000;;
302.856;21.119999;;
302.866;22.000000;;
302.876;20.799999;;
302.886;23.480000;;
302.896;23.480000;;
302.906;24.299999;;
302.916;23.400000;;
302.926;22.980000;;
302.936;22.799999;;
302.946;21.799999;;
302.956;21.059999;;
302.966;22.500000;;
302.976;21.459999;;
302.986;21.580000;;
302.996;19.639999;;
303.006;19.639999;;
303.016;20.420000;;
303.026;21.379999;;
303.036;21.320000;;
303.046;19.859999;;
303.056;23.859999;;
303.066;20.180000;;
303.076;21.139999;;
303.086;20.100000;;
303.096;19.840000;;
303.106;20.779999;;
303.116;20.779999;;
303.126;20.359999;;
303.136;20.299999;;
303.146;21.619999;;
303.156;21.420000;;
303.166;24.740000;;
303.176;23.219999;;
303.186;23.199999;;
303.196;20.779999;;
303.206;22.840000;;
303.216;22.279999;;
303.226;22.279999;;
303.236;20.299999;;
303.246;19.600000;;
303.256;20.779999;;
303.266;20.719999;;
303.276;20.559999;;
303.286;21.119999;;
303.296;19.299999;;
303.306;20.160000;;
303.316;23.920000;;
303.326;23.260000;;
303.336;23.260000;;
303.346;22.719999;;
303.356;18.840000;;
303.366;19.760000;;
303.376;18.059999;;
303.386;19.559999;;
303.396;21.879999;;
303.406;23.160000;;
303.416;24.359999;;
303.426;22.459999;;
303.436;22.480000;;
303.446;22.480000;;
303.456;23.840000;;
303.466;21.100000;;
303.476;22.320000;;
303.486;22.719999;;
303.496;20.240000;;
303.516;19.760000;;
303.516;20.719999;;
303.526;20.539999;;
303.536;21.600000;;
303.546;21.859999;;
303.556;21.859999;;
303.566;20.859999;;
303.576;23.340000;;
303.586;23.359999;;
303.596;23.199999;;
303.606;23.299999;;
303.616;20.619999;;
303.626;21.859999;;
303.636;20.439999;;
303.646;17.980000;;
303.656;19.600000;;
303.666;19.600000;;
303.676;21.740000;;
303.686;22.680000;;
303.696;21.480000;;
303.706;21.480000;;
303.716;21.119999;;
303.726;20.580000;;
303.736;22.939999;;
303.746;19.760000;;
303.756;17.500000;;
303.766;19.119999;;
303.776;19.119999;;
303.786;18.959999;;
303.796;19.279999;;
303.806;20.199999;;
303.816;20.420000;;
303.826;22.500000;;
303.836;21.580000;;
303.846;23.340000;;
303.856;21.959999;;
303.866;22.459999;;
303.876;22.519999;;
303.886;22.519999;;
303.896;18.459999;;
303.906;20.500000;;
303.916;20.559999;;
303.926;22.260000;;
303.936;22.240000;;
303.946;20.840000;;
303.956;19.840000;;
303.966;21.600000;;
303.976;21.160000;;
303.986;21.260000;;
303.996;21.260000;;
304.006;20.799999;;
304.016;21.760000;;
304.026;23.459999;;
304.036;18.520000;;
304.046;20.699999;;
304.056;18.480000;;
304.066;24.100000;;
304.076;22.519999;;
304.086;22.279999;;
304.096;21.840000;;
304.106;21.840000;;
304.116;20.939999;;
304.126;22.519999;;
304.136;22.379999;;
304.146;22.779999;;
304.156;23.219999;;
304.166;22.199999;;
304.176;19.900000;;
304.186;19.619999;;
304.196;21.480000;;
304.206;22.719999;;
304.216;22.719999;;
304.226;21.299999;;
304.236;21.660000;;
304.246;21.039999;;
304.256;20.580000;;
304.266;21.820000;;
304.276;23.359999;;
304.286;20.299999;;
304.296;22.340000;;
304.306;19.160000;;
304.316;19.240000;;
304.326;19.240000;;
304.336;19.039999;;
304.346;23.639999;;
304.356;23.199999;;
304.366;21.619999;;
304.376;21.719999;;
304.386;20.299999;;
304.396;21.600000;;
304.406;22.439999;;
304.416;21.219999;;
304.426;23.459999;;
304.436;23.459999;;
304.446;21.760000;;
304.456;21.320000;;
304.466;19.600000;;
304.476;19.879999;;
304.486;18.779999;;
304.496;20.600000;;
304.506;21.020000;;
304.516;20.119999;;
304.526;23.199999;;
304.536;23.920000;;
304.546;23.920000;;
304.556;20.779999;;
304.566;22.180000;;
304.576;23.340000;;
304.586;21.340000;;
304.596;19.799999;;
304.606;18.900000;;
304.616;18.900000;;
304.626;21.459999;;
304.636;21.719999;;
304.646;20.840000;;
304.656;20.840000;;
304.666;20.699999;;
304.676;20.500000;;
304.686;22.299999;;
304.696;22.320000;;
304.706;23.840000;;
304.716;19.939999;;
304.726;19.260000;;
304.736;18.520000;;
304.756;19.980000;;
304.756;20.500000;;
304.766;20.500000;;
304.776;20.559999;;
304.786;21.180000;;
304.796;20.500000;;
304.806;22.820000;;
304.816;25.219999;;
304.826;23.180000;;
304.836;19.900000;;
304.846;20.180000;;
304.856;20.340000;;
304.866;18.199999;;
304.876;18.199999;;
304.886;18.980000;;
304.896;20.959999;;
304.906;22.820000;;
304.916;21.020000;;
304.926;20.740000;;
304.936;20.059999;;
304.946;19.340000;;
304.956;21.920000;;
304.966;24.039999;;
304.976;21.059999;;
304.986;21.059999;;
304.996;20.279999;;
305.006;18.680000;;
305.016;19.539999;;
305.026;22.539999;;
305.036;22.219999;;
305.046;22.580000;;
305.056;20.439999;;
305.076;20.939999;;
305.076;23.199999;;
305.086;20.900000;;
305.096;20.900000;;
305.106;21.180000;;
305.116;22.000000;;
305.126;22.080000;;
305.136;21.219999;;
305.146;18.799999;;
305.156;18.459999;;
305.166;20.619999;;
305.176;21.600000;;
305.186;21.000000;;
305.196;23.059999;;
305.206;23.059999;;
305.216;22.500000;;
305.226;20.000000;;
305.236;24.119999;;
305.246;24.139999;;
305.256;22.680000;;
305.266;19.420000;;
305.276;20.240000;;
305.286;20.279999;;
305.296;19.900000;;
305.306;20.260000;;
305.316;20.260000;;
305.326;20.080000;;
305.336;21.859999;;
305.346;24.100000;;
305.356;25.459999;;
305.366;23.580000;;
305.376;21.240000;;
305.386;22.320000;;
305.396;21.279999;;
305.406;21.719999;;
305.416;23.299999;;
305.426;23.299999;;
305.436;20.939999;;
305.446;20.139999;;
305.456;19.900000;;
305.466;21.000000;;
305.476;21.600000;;
305.486;20.699999;;
305.496;21.939999;;
305.506;20.939999;;
305.516;20.520000;;
305.526;20.520000;;
305.536;20.520000;;
305.546;20.980000;;
305.556;20.039999;;
305.566;19.260000;;
305.576;20.740000;;
305.586;20.580000;;
305.596;21.240000;;
305.606;20.180000;;
305.616;19.619999;;
305.626;25.459999;;
305.636;22.980000;;
305.646;22.980000;;
305.656;17.719999;;
305.666;20.000000;;
305.676;20.879999;;
305.686;18.279999;;
305.696;19.820000;;
305.706;20.059999;;
305.716;20.459999;;
305.726;21.580000;;
305.736;20.520000;;
305.746;19.020000;;
305.756;19.020000;;
305.766;23.480000;;
305.776;24.820000;;
305.786;20.520000;;
305.796;21.859999;;
305.806;22.279999;;
305.816;20.299999;;
305.826;18.959999;;
305.836;19.820000;;
305.846;19.939999;;
305.856;20.080000;;
305.866;20.080000;;
305.876;21.680000;;
305.886;21.580000;;
305.896;22.059999;;
305.906;19.820000;;
305.916;22.939999;;
305.926;22.139999;;
305.936;18.879999;;
305.946;19.639999;;
305.956;18.400000;;
305.966;20.820000;;
305.976;20.820000;;
305.986;20.680000;;
305.996;22.660000;;
306.006;20.939999;;
306.016;19.980000;;
306.026;21.660000;;
306.036;21.900000;;
306.046;22.900000;;
306.056;24.180000;;
306.066;20.320000;;
306.076;19.740000;;
306.086;19.740000;;
306.096;20.439999;;
306.106;19.539999;;
306.116;19.240000;;
306.126;19.240000;;
306.136;19.980000;;
306.146;20.119999;;
306.156;20.980000;;
306.166;19.600000;;
306.176;18.600000;;
306.186;22.439999;;
306.196;22.439999;;
306.206;23.160000;;
306.216;19.900000;;
306.226;21.559999;;
306.236;21.279999;;
306.246;19.719999;;
306.256;20.619999;;
306.266;20.500000;;
306.276;19.840000;;
306.286;21.000000;;
306.296;21.580000;;
306.306;21.580000;;
306.316;22.080000;;
306.326;23.980000;;
306.336;22.000000;;
306.356;22.160000;;
306.356;22.320000;;
306.366;18.100000;;
306.376;19.879999;;
306.386;20.459999;;
306.396;20.879999;;
306.406;20.559999;;
306.416;20.559999;;
306.426;20.539999;;
306.436;21.820000;;
306.446;21.119999;;
306.456;18.980000;;
306.466;20.139999;;
306.476;22.699999;;
306.486;22.559999;;
306.496;21.480000;;
306.506;19.520000;;
306.516;20.139999;;
306.526;20.139999;;
306.536;19.840000;;
306.546;19.660000;;
306.556;20.639999;;
306.566;20.719999;;
306.576;21.760000;;
306.586;21.859999;;
306.596;21.340000;;
306.606;22.480000;;
306.616;22.500000;;
306.626;19.939999;;
306.636;19.939999;;
306.646;19.020000;;
306.656;20.020000;;
306.666;20.619999;;
306.676;20.779999;;
306.686;21.320000;;
306.696;21.779999;;
306.706;24.260000;;
306.716;24.820000;;
306.726;25.340000;;
306.736;21.680000;;
306.746;21.680000;;
306.756;21.480000;;
306.766;19.539999;;
306.776;18.379999;;
306.786;20.459999;;
306.796;20.920000;;
306.806;21.939999;;
306.816;21.039999;;
306.826;21.559999;;
306.836;20.740000;;
306.846;20.520000;;
306.856;20.520000;;
306.866;20.779999;;
306.876;19.760000;;
306.886;20.180000;;
306.896;21.699999;;
306.906;18.699999;;
306.916;18.580000;;
306.926;19.539999;;
306.936;21.160000;;
306.946;21.260000;;
306.956;20.639999;;
306.966;20.639999;;
306.976;20.199999;;
306.986;20.699999;;
306.996;20.539999;;
307.006;19.219999;;
307.016;19.020000;;
307.026;20.279999;;
307.036;20.900000;;
307.046;21.279999;;
307.056;21.059999;;
307.066;20.119999;;
307.076;20.119999;;
307.086;22.059999;;
307.096;21.859999;;
307.106;20.000000;;
307.116;22.340000;;
307.126;21.920000;;
307.136;21.059999;;
307.146;23.619999;;
307.156;22.439999;;
307.166;19.879999;;
307.176;19.039999;;
307.186;19.039999;;
307.196;19.719999;;
307.206;19.900000;;
307.216;20.740000;;
307.226;20.520000;;
307.236;21.139999;;
307.246;20.840000;;
307.256;20.939999;;
307.266;21.180000;;
307.276;19.680000;;
307.286;22.299999;;
307.296;22.299999;;
307.306;21.740000;;
307.316;19.939999;;
307.326;19.459999;;
307.336;20.119999;;
307.346;19.719999;;
307.356;20.240000;;
307.366;19.760000;;
307.376;20.879999;;
307.386;20.240000;;
307.396;22.619999;;
307.406;22.619999;;
307.416;22.900000;;
307.426;23.180000;;
307.436;23.320000;;
307.446;19.879999;;
307.456;20.500000;;
307.466;19.600000;;
307.476;20.959999;;
307.486;22.920000;;
307.496;20.559999;;
307.506;22.459999;;
307.516;22.459999;;
307.526;22.299999;;
307.536;20.260000;;
307.546;19.160000;;
307.556;22.799999;;
307.566;24.100000;;
307.576;20.119999;;
307.586;18.520000;;
307.596;18.660000;;
307.606;18.920000;;
307.616;19.260000;;
307.626;19.260000;;
307.636;20.580000;;
307.646;20.299999;;
307.656;20.980000;;
307.666;20.619999;;
307.676;20.299999;;
307.686;21.340000;;
307.696;22.559999;;
307.706;20.020000;;
307.716;19.879999;;
307.726;18.320000;;
307.736;18.320000;;
307.756;17.980000;;
307.756;22.139999;;
307.766;21.559999;;
307.776;21.020000;;
307.786;20.420000;;
307.796;19.799999;;
307.806;21.160000;;
307.816;21.660000;;
307.826;21.900000;;
307.836;19.900000;;
307.846;19.900000;;
307.856;20.939999;;
307.866;19.539999;;
307.876;19.080000;;
307.886;21.139999;;
307.896;23.980000;;
307.906;21.840000;;
307.926;21.160000;;
307.926;20.119999;;
307.936;19.139999;;
307.946;21.379999;;
307.956;21.379999;;
307.966;20.320000;;
307.976;20.939999;;
307.986;22.519999;;
307.996;20.439999;;
308.006;21.920000;;
308.016;21.740000;;
308.026;22.340000;;
308.036;20.100000;;
308.046;19.639999;;
308.056;20.299999;;
308.066;20.299999;;
308.076;21.139999;;
308.086;20.959999;;
308.096;23.519999;;
308.106;21.920000;;
308.116;21.559999;;
308.126;18.699999;;
308.136;18.939999;;
308.146;18.139999;;
308.156;19.779999;;
308.166;21.879999;;
308.176;21.879999;;
308.186;23.420000;;
308.196;21.859999;;
308.206;20.279999;;
308.216;21.219999;;
308.226;22.359999;;
308.236;21.539999;;
308.246;20.639999;;
308.256;20.420000;;
308.266;18.559999;;
308.276;19.340000;;
308.286;19.340000;;
308.296;20.859999;;
308.306;21.680000;;
308.316;21.939999;;
308.326;20.779999;;
308.336;20.199999;;
308.346;20.760000;;
308.356;20.299999;;
308.366;19.719999;;
308.376;21.580000;;
308.386;23.400000;;
308.396;23.400000;;
308.406;20.740000;;
308.416;18.920000;;
308.426;19.719999;;
308.436;19.439999;;
308.446;20.080000;;
308.456;20.900000;;
308.466;21.680000;;
308.476;21.980000;;
308.486;22.600000;;
308.496;22.080000;;
308.506;22.080000;;
308.516;19.660000;;
308.526;22.260000;;
308.536;22.519999;;
308.546;21.240000;;
308.556;21.900000;;
308.566;21.039999;;
308.576;22.139999;;
308.586;21.240000;;
308.596;21.020000;;
308.606;20.799999;;
308.616;20.799999;;
308.626;20.539999;;
308.646;23.199999;;
308.646;20.820000;;
308.656;20.699999;;
308.666;19.740000;;
308.676;20.000000;;
308.686;18.879999;;
308.696;17.240000;;
308.706;20.039999;;
308.716;20.580000;;
308.726;20.580000;;
308.736;20.820000;;
308.746;21.139999;;
308.756;20.020000;;
308.766;21.980000;;
308.776;21.199999;;
308.786;23.160000;;
308.796;19.779999;;
308.806;21.020000;;
308.816;22.219999;;
308.826;20.180000;;
308.836;20.180000;;
308.846;19.020000;;
308.866;20.180000;;
308.866;20.480000;;
308.876;20.160000;;
308.886;21.619999;;
308.896;22.000000;;
308.906;24.059999;;
308.916;20.520000;;
308.926;20.100000;;
308.936;21.180000;;
308.946;21.180000;;
308.956;20.020000;;
308.966;17.799999;;
308.976;18.680000;;
308.986;21.459999;;
308.996;21.160000;;
309.006;21.119999;;
309.016;24.059999;;
309.026;21.959999;;
309.036;21.920000;;
309.046;22.840000;;
309.056;22.840000;;
309.066;21.980000;;
309.076;22.539999;;
309.086;22.180000;;
309.096;20.020000;;
309.106;20.600000;;
309.116;20.619999;;
309.126;19.619999;;
309.136;20.359999;;
309.146;22.139999;;
309.156;21.660000;;
309.166;21.660000;;
309.176;21.920000;;
309.186;22.379999;;
309.196;20.100000;;
309.206;22.000000;;
309.216;19.939999;;
309.226;19.459999;;
309.236;17.879999;;
309.246;19.000000;;
309.256;19.820000;;
309.266;19.760000;;
309.276;19.760000;;
309.286;20.279999;;
309.296;19.799999;;
309.306;20.500000;;
309.316;22.559999;;
309.326;23.420000;;
309.336;21.340000;;
309.346;20.980000;;
309.356;18.320000;;
309.366;18.020000;;
309.376;19.260000;;
309.386;19.260000;;
309.396;21.139999;;
309.406;24.119999;;
309.416;20.900000;;
309.426;20.480000;;
309.436;19.779999;;
309.446;21.320000;;
309.456;24.420000;;
309.466;20.639999;;
309.476;22.180000;;
309.486;23.500000;;
309.496;23.500000;;
309.506;20.459999;;
309.516;22.020000;;
309.526;19.660000;;
309.536;20.539999;;
309.546;19.480000;;
309.556;20.840000;;
309.566;20.680000;;
309.576;21.279999;;
309.586;20.600000;;
309.596;18.840000;;
309.606;18.840000;;
309.616;22.699999;;
309.626;21.459999;;
309.636;21.279999;;
309.646;18.719999;;
309.656;18.740000;;
309.666;20.600000;;
309.676;23.820000;;
309.686;22.139999;;
309.696;21.279999;;
309.706;20.580000;;
309.716;20.580000;;
309.726;22.959999;;
309.746;22.619999;;
309.746;22.320000;;
309.756;22.779999;;
309.766;20.639999;;
309.776;19.900000;;
309.786;19.920000;;
309.796;19.740000;;
309.806;20.459999;;
309.816;20.359999;;
309.836;20.359999;;
309.836;21.260000;;
309.846;22.459999;;
309.856;24.779999;;
309.866;20.100000;;
309.876;22.139999;;
309.886;19.879999;;
309.896;20.760000;;
309.906;19.680000;;
309.916;18.799999;;
309.926;19.100000;;
309.936;19.100000;;
309.946;18.799999;;
309.956;23.240000;;
309.966;21.699999;;
309.976;21.719999;;
309.986;19.980000;;
309.996;20.219999;;
310.006;23.879999;;
310.016;22.959999;;
310.026;21.439999;;
310.036;20.059999;;
310.046;20.059999;;
310.056;19.400000;;
310.066;17.940001;;
310.076;20.240000;;
310.086;22.459999;;
310.096;26.039999;;
310.106;21.619999;;
310.116;20.539999;;
310.126;21.160000;;
310.136;19.879999;;
310.146;22.400000;;
310.156;22.400000;;
310.166;21.320000;;
310.176;18.299999;;
310.186;18.680000;;
310.196;18.879999;;
310.206;18.760000;;
310.216;20.160000;;
310.226;20.359999;;
310.236;21.279999;;
310.246;20.699999;;
310.256;20.639999;;
310.266;20.639999;;
310.276;20.619999;;
310.286;22.939999;;
310.296;21.199999;;
310.306;21.379999;;
310.316;20.260000;;
310.326;18.680000;;
310.336;19.199999;;
310.346;19.219999;;
310.356;20.279999;;
310.366;20.119999;;
310.376;20.119999;;
310.386;20.719999;;
310.396;20.939999;;
310.406;21.459999;;
310.416;19.039999;;
310.426;20.299999;;
310.436;20.959999;;
310.446;19.219999;;
310.456;18.740000;;
310.466;18.459999;;
310.476;21.379999;;
310.486;21.379999;;
310.496;24.059999;;
310.506;23.559999;;
310.516;21.639999;;
310.526;20.680000;;
310.536;19.439999;;
310.546;20.660000;;
310.556;20.480000;;
310.566;22.100000;;
310.576;21.160000;;
310.586;19.879999;;
310.596;19.879999;;
310.606;19.779999;;
310.616;18.840000;;
310.626;18.820000;;
310.636;20.900000;;
310.646;21.799999;;
310.656;22.020000;;
310.666;22.139999;;
310.676;20.600000;;
310.686;19.400000;;
310.696;21.980000;;
310.706;21.980000;;
310.716;22.900000;;
310.726;23.000000;;
310.736;19.320000;;
310.746;19.699999;;
310.756;19.100000;;
310.766;21.820000;;
310.776;21.520000;;
310.786;21.000000;;
310.796;20.939999;;
310.806;21.459999;;
310.816;21.459999;;
310.826;21.480000;;
310.836;21.279999;;
310.846;18.400000;;
310.856;20.840000;;
310.866;19.719999;;
310.876;18.760000;;
310.886;19.740000;;
310.896;19.879999;;
310.906;23.820000;;
310.916;22.820000;;
310.926;22.820000;;
310.936;21.379999;;
310.946;23.519999;;
310.956;23.959999;;
310.966;19.379999;;
310.976;22.260000;;
310.986;20.539999;;
310.996;21.480000;;
311.006;20.119999;;
311.016;17.980000;;
311.026;19.459999;;
311.036;19.459999;;
311.046;22.320000;;
311.056;22.600000;;
311.066;21.799999;;
311.076;21.699999;;
311.086;20.719999;;
311.096;19.879999;;
311.106;22.359999;;
311.116;21.900000;;
311.126;22.299999;;
311.136;21.480000;;
311.146;21.480000;;
311.156;21.139999;;
311.166;18.900000;;
311.176;19.420000;;
311.186;20.699999;;
311.196;20.920000;;
311.206;20.699999;;
311.216;20.600000;;
311.226;24.539999;;
311.236;22.680000;;
311.246;19.600000;;
311.256;19.600000;;
311.266;20.699999;;
311.276;21.480000;;
311.286;21.199999;;
311.296;19.639999;;
311.306;17.859999;;
311.316;24.519999;;
311.326;24.139999;;
311.336;23.299999;;
311.346;21.039999;;
311.356;20.580000;;
311.366;20.580000;;
311.376;20.400000;;
311.386;22.680000;;
311.396;21.820000;;
311.406;21.359999;;
311.416;19.879999;;
311.426;19.480000;;
311.436;17.980000;;
311.446;19.219999;;
311.456;20.699999;;
311.466;20.699999;;
311.476;20.699999;;
311.486;21.219999;;
311.496;21.879999;;
311.506;21.660000;;
311.516;21.539999;;
311.526;23.840000;;
311.536;20.760000;;
311.546;20.580000;;
311.556;20.600000;;
311.566;19.939999;;
311.576;20.279999;;
311.586;20.279999;;
311.596;20.879999;;
311.606;21.299999;;
311.616;21.680000;;
311.626;21.699999;;
311.636;21.359999;;
311.646;20.520000;;
311.656;21.859999;;
311.666;21.900000;;
311.676;21.000000;;
311.686;22.400000;;
311.696;22.400000;;
311.706;21.240000;;
311.716;21.639999;;
311.726;22.740000;;
311.736;22.139999;;
311.746;21.520000;;
311.756;21.660000;;
311.766;20.600000;;
311.776;20.779999;;
311.786;21.619999;;
311.796;22.020000;;
311.806;22.020000;;
311.816;23.379999;;
311.826;21.920000;;
311.836;19.320000;;
311.846;18.920000;;
311.856;18.619999;;
311.866;20.160000;;
311.876;21.359999;;
311.886;22.240000;;
311.896;22.539999;;
311.906;21.959999;;
311.916;21.959999;;
311.926;22.840000;;
311.936;23.260000;;
311.946;21.199999;;
311.956;21.619999;;
311.966;19.580000;;
311.976;20.279999;;
311.986;24.500000;;
311.996;24.439999;;
312.006;21.539999;;
312.016;21.180000;;
312.026;21.180000;;
312.036;20.879999;;
312.046;20.299999;;
312.056;19.879999;;
312.066;22.400000;;
312.076;24.580000;;
312.086;23.139999;;
312.096;21.820000;;
312.106;20.779999;;
312.116;19.820000;;
312.126;19.580000;;
312.136;19.580000;;
312.146;19.580000;;
312.156;19.879999;;
312.166;20.799999;;
312.176;23.219999;;
312.186;22.959999;;
312.196;22.020000;;
312.206;21.000000;;
312.216;19.939999;;
312.226;20.520000;;
312.236;19.719999;;
312.246;19.719999;;
312.256;18.859999;;
312.266;19.100000;;
312.276;19.600000;;
312.286;20.279999;;
312.296;21.619999;;
312.306;20.820000;;
312.316;22.580000;;
312.326;21.320000;;
312.336;22.100000;;
312.346;21.039999;;
312.356;21.039999;;
312.366;19.859999;;
312.376;20.840000;;
312.386;19.600000;;
312.396;19.400000;;
312.406;21.260000;;
312.416;21.219999;;
312.426;21.420000;;
312.436;20.760000;;
312.446;20.260000;;
312.456;19.939999;;
312.466;19.939999;;
312.476;20.900000;;
312.486;21.240000;;
312.496;24.359999;;
312.506;22.080000;;
312.516;18.980000;;
312.526;19.000000;;
312.536;18.920000;;
312.546;19.279999;;
312.556;21.020000;;
312.566;20.939999;;
312.576;20.939999;;
312.586;21.219999;;
312.596;20.600000;;
312.606;22.340000;;
312.616;20.520000;;
312.626;18.580000;;
312.636;20.840000;;
312.646;19.980000;;
312.656;22.020000;;
312.666;21.660000;;
312.676;18.879999;;
312.686;18.879999;;
312.696;20.260000;;
312.706;19.660000;;
312.716;20.520000;;
312.726;20.260000;;
312.736;21.959999;;
312.746;23.900000;;
312.756;24.619999;;
312.766;23.740000;;
312.776;21.180000;;
312.786;21.580000;;
312.796;21.580000;;
312.806;18.719999;;
312.816;18.320000;;
312.826;19.080000;;
312.836;21.480000;;
312.846;21.559999;;
312.856;20.520000;;
312.866;20.279999;;
312.876;20.340000;;
312.886;20.439999;;
312.896;21.539999;;
312.906;21.539999;;
312.916;19.400000;;
312.926;21.660000;;
312.936;20.660000;;
312.946;18.080000;;
312.956;19.320000;;
312.966;20.180000;;
312.976;20.459999;;
312.986;20.879999;;
312.996;20.580000;;
313.006;22.580000;;
313.016;22.580000;;
313.026;23.420000;;
313.036;24.740000;;
313.046;21.359999;;
313.056;21.199999;;
313.066;20.799999;;
313.076;20.520000;;
313.086;18.840000;;
313.096;18.580000;;
313.106;19.760000;;
313.116;21.939999;;
313.126;21.939999;;
313.136;23.000000;;
313.146;21.760000;;
313.156;22.959999;;
313.166;24.000000;;
313.176;23.340000;;
313.186;20.580000;;
313.196;21.740000;;
313.206;19.420000;;
313.216;17.920000;;
313.226;18.980000;;
313.236;18.980000;;
313.246;19.779999;;
313.256;20.900000;;
313.266;22.539999;;
313.276;21.799999;;
313.286;23.519999;;
313.296;22.900000;;
313.306;19.059999;;
313.316;18.100000;;
313.326;20.199999;;
313.336;17.820000;;
313.346;17.820000;;
313.356;19.900000;;
313.366;19.539999;;
313.376;18.420000;;
313.386;19.879999;;
313.396;22.059999;;
313.406;26.180000;;
313.416;22.199999;;
313.426;23.980000;;
313.436;24.859999;;
313.446;21.260000;;
313.456;21.260000;;
313.466;23.500000;;
313.476;21.820000;;
313.486;22.340000;;
313.496;21.039999;;
313.506;23.180000;;
313.516;26.519999;;
313.526;23.379999;;
313.536;25.299999;;
313.546;23.920000;;
313.556;22.459999;;
313.566;22.459999;;
313.576;22.879999;;
313.586;24.080000;;
313.596;24.719999;;
313.606;24.799999;;
313.616;22.340000;;
313.626;21.820000;;
313.636;21.559999;;
313.646;20.820000;;
313.656;19.680000;;
313.666;19.160000;;
313.676;19.160000;;
313.686;19.219999;;
313.696;19.100000;;
313.706;18.559999;;
313.716;12.860000;;
313.726;11.300000;;
313.746;14.759999;;
313.746;15.580000;;
313.756;13.500000;;
313.766;8.679999;;
313.776;10.099999;;
313.786;10.099999;;
313.796;11.179999;;
313.806;8.900000;;
313.816;5.800000;;
313.826;7.560000;;
313.836;8.080000;;
313.846;5.780000;;
313.856;5.760000;;
313.866;6.040000;;
313.876;4.840000;;
313.886;3.320000;;
313.896;3.320000;;
313.906;2.740000;;
313.916;2.220000;;
313.926;1.520000;;
313.936;1.120000;;
313.946;0.900000;;
313.956;0.880000;;
313.966;0.860000;;
313.976;0.700000;;
313.986;0.720000;;
313.996;0.780000;;
314.006;0.780000;;
314.016;0.500000;;
314.026;0.500000;;
314.036;0.620000;;
314.046;0.600000;;
314.056;0.580000;;
314.066;0.560000;;
314.076;0.680000;;
314.086;0.660000;;
314.096;0.520000;;
314.106;0.620000;;
314.116;0.620000;;
314.126;0.560000;;
314.136;0.540000;;
314.146;0.560000;;
314.156;0.620000;;
314.166;0.560000;;
314.176;0.520000;;
314.186;0.460000;;
314.196;0.560000;;
314.206;0.600000;;
314.216;0.600000;;
314.226;0.600000;;
314.236;0.520000;;
314.246;0.660000;;
314.256;0.560000;;
314.266;0.580000;;
314.276;0.560000;;
314.286;0.580000;;
314.296;0.560000;;
314.306;0.640000;;
314.316;0.580000;;
314.326;0.620000;;
314.336;0.620000;;
314.346;0.560000;;
314.356;0.600000;;
314.366;0.540000;;
314.376;0.560000;;
314.386;0.520000;;
314.396;0.560000;;
314.406;0.540000;;
314.416;0.580000;;
314.426;0.540000;;
314.436;0.540000;;
314.446;0.540000;;
314.456;0.540000;;
314.466;0.560000;;
314.476;0.560000;;
314.486;0.560000;;
314.496;0.480000;;
314.506;0.540000;;
314.516;0.500000;;
314.526;0.540000;;
314.536;0.480000;;
314.546;0.480000;;
314.556;0.480000;;
314.566;0.500000;;
314.576;0.540000;;
314.586;0.540000;;
314.596;0.640000;;
314.606;0.520000;;
314.616;0.500000;;
314.626;0.500000;;
314.636;0.580000;;
314.646;0.560000;;
314.656;0.500000;;
314.666;0.500000;;
314.676;0.580000;;
314.686;0.540000;;
314.696;0.580000;;
314.706;0.540000;;
314.716;0.540000;;
314.726;0.580000;;
314.736;0.580000;;
314.746;0.560000;;
314.756;0.580000;;
314.766;0.560000;;
314.776;0.560000;;
314.786;0.500000;;
314.796;0.540000;;
314.806;0.560000;;
314.816;0.580000;;
314.826;0.580000;;
314.836;0.640000;;
314.846;0.580000;;
314.856;0.600000;;
314.866;0.560000;;
314.876;0.520000;;
314.886;0.520000;;
314.896;0.520000;;
314.906;0.560000;;
314.916;0.560000;;
314.926;0.580000;;
314.936;0.560000;;
314.946;0.540000;;
314.956;0.580000;;
314.966;0.520000;;
314.976;0.640000;;
314.986;0.660000;;
314.996;0.660000;;
315.006;0.540000;;
315.016;0.520000;;
315.026;0.560000;;
315.036;0.580000;;
315.046;0.560000;;
315.056;0.600000;;
315.066;0.560000;;
315.076;0.560000;;
315.086;0.600000;;
315.096;0.600000;;
315.106;0.600000;;
315.116;0.600000;;
315.126;0.600000;;
315.136;0.540000;;
315.146;0.560000;;
315.156;0.560000;;
315.166;0.640000;;
315.176;0.560000;;
315.186;0.560000;;
315.196;0.560000;;
315.206;0.580000;;
315.216;0.580000;;
315.226;0.640000;;
315.236;0.580000;;
315.246;0.600000;;
315.256;0.620000;;
315.266;0.540000;;
315.276;0.580000;;
315.286;0.520000;;
315.296;0.600000;;
315.306;0.600000;;
315.316;0.600000;;
315.326;0.600000;;
315.336;0.640000;;
315.346;0.540000;;
315.356;0.580000;;
315.366;0.580000;;
315.376;0.540000;;
315.386;0.560000;;
315.396;0.520000;;
315.406;0.580000;;
315.416;0.540000;;
315.426;0.560000;;
315.436;0.560000;;
315.446;0.600000;;
315.456;0.600000;;
315.466;0.600000;;
315.476;0.580000;;
315.486;0.540000;;
315.496;0.540000;;
315.506;0.560000;;
315.516;0.580000;;
315.526;0.520000;;
315.536;0.520000;;
315.546;0.520000;;
315.556;0.540000;;
315.566;0.580000;;
315.576;0.640000;;
315.586;0.540000;;
315.596;0.560000;;
315.606;0.520000;;
315.616;0.580000;;
315.626;0.540000;;
315.636;0.540000;;
315.646;0.520000;;
315.656;0.520000;;
315.666;0.580000;;
315.676;0.600000;;
315.686;0.560000;;
315.696;0.580000;;
315.706;0.620000;;
315.716;0.540000;;
315.726;0.580000;;
315.746;0.480000;;
315.746;0.620000;;
315.756;0.520000;;
315.766;0.520000;;
315.776;0.560000;;
315.786;0.580000;;
315.796;0.540000;;
315.806;0.580000;;
315.816;0.620000;;
315.826;0.580000;;
315.836;0.600000;;
315.846;0.540000;;
315.856;0.540000;;
315.866;0.520000;;
315.876;0.520000;;
315.886;0.540000;;
315.896;0.540000;;
315.906;0.560000;;
315.916;0.560000;;
315.926;0.600000;;
315.936;0.520000;;
315.946;0.560000;;
315.956;0.540000;;
315.966;0.600000;;
315.976;0.580000;;
315.986;0.580000;;
315.996;0.600000;;
316.006;0.500000;;
316.016;0.560000;;
316.026;0.480000;;
316.036;0.600000;;
316.046;0.580000;;
316.056;0.600000;;
316.066;0.540000;;
316.076;0.560000;;
316.086;0.580000;;
316.096;0.580000;;
316.106;0.720000;;
316.116;0.560000;;
316.126;0.620000;;
316.136;0.560000;;
316.146;0.640000;;
316.156;0.560000;;
316.166;0.580000;;
316.176;0.540000;;
316.186;0.600000;;
316.196;0.600000;;
316.206;0.600000;;
316.216;0.620000;;
316.226;0.520000;;
316.236;0.580000;;
316.246;0.500000;;
316.256;0.540000;;
316.266;0.560000;;
316.276;0.560000;;
316.286;0.600000;;
316.296;0.560000;;
316.306;0.600000;;
316.316;0.600000;;
316.326;0.600000;;
316.336;0.560000;;
316.346;0.520000;;
316.356;0.540000;;
316.366;0.500000;;
316.376;0.520000;;
316.386;0.520000;;
316.396;0.540000;;
316.406;0.560000;;
316.416;0.520000;;
316.426;0.520000;;
316.436;0.560000;;
316.446;0.560000;;
